################################################################################
# Neural network connection values (weights and biases).
################################################################################
# Col  Name       Description
################################################################################
# 1    connection Neural network connection value.
# 2    t          Connection type (a = weight, b = bias).
# 3    index      Index enumerating weights.
# 4    l_s        Starting point layer (end point layer for biases).
# 5    n_s        Starting point neuron in starting layer (end point neuron for biases).
# 6    l_e        End point layer.
# 7    n_e        End point neuron in end layer.
################################################################################
#                      1 2         3     4     5     6     7
#             connection t     index   l_s   n_s   l_e   n_e
############################################################
  2.2693485763766699E-01 a         1     0     1     1     1
 -3.0568006076466792E-03 a         2     0     1     1     2
  1.0983514428935370E-01 a         3     0     1     1     3
 -1.6647371943806408E-01 a         4     0     1     1     4
 -8.3574387493829894E-02 a         5     0     1     1     5
  2.1838742390309033E-02 a         6     0     1     1     6
 -5.3497804989208336E-02 a         7     0     1     1     7
 -1.2183367087121920E-01 a         8     0     1     1     8
  6.9804044786190567E-02 a         9     0     1     1     9
  3.2699838245121321E-01 a        10     0     1     1    10
  4.6568548073025830E-02 a        11     0     1     1    11
 -1.1356041384170369E-01 a        12     0     1     1    12
 -4.2810456358728793E-01 a        13     0     1     1    13
 -2.9225916612673547E-01 a        14     0     1     1    14
 -8.0799133754220501E-02 a        15     0     1     1    15
 -2.8884911426724731E-02 a        16     0     1     1    16
 -9.5744790643866838E-03 a        17     0     1     1    17
  4.0648138994808666E-02 a        18     0     1     1    18
 -8.6615273451833313E-02 a        19     0     1     1    19
 -1.1219566233948731E-01 a        20     0     1     1    20
 -2.3511128669726267E-01 a        21     0     2     1     1
  9.8590588934071799E-02 a        22     0     2     1     2
 -7.6291824667762253E-03 a        23     0     2     1     3
  2.2714066014126619E-01 a        24     0     2     1     4
  2.2389313075535870E-02 a        25     0     2     1     5
  2.6322776412890880E-01 a        26     0     2     1     6
 -1.9958189081173028E-01 a        27     0     2     1     7
  1.0328672315467873E-01 a        28     0     2     1     8
  1.6126450289481539E-01 a        29     0     2     1     9
  2.7262521908962256E-01 a        30     0     2     1    10
 -3.5966499623334779E-02 a        31     0     2     1    11
  6.4541310968041748E-02 a        32     0     2     1    12
  1.0680731062116876E-01 a        33     0     2     1    13
  3.4577517928915991E-01 a        34     0     2     1    14
  2.5109260167385455E-01 a        35     0     2     1    15
 -2.2355468316262708E-01 a        36     0     2     1    16
 -1.2504970374114971E-01 a        37     0     2     1    17
 -1.6008051880224880E-01 a        38     0     2     1    18
 -2.2239717513819113E-01 a        39     0     2     1    19
  1.1424186374022294E-01 a        40     0     2     1    20
  1.7851838764055811E-01 a        41     0     3     1     1
  2.8557498132654382E-04 a        42     0     3     1     2
 -4.4483227030381316E-02 a        43     0     3     1     3
 -2.9406278516602680E-01 a        44     0     3     1     4
 -8.4920179598172885E-02 a        45     0     3     1     5
 -2.0171347094514971E-01 a        46     0     3     1     6
  2.1364676181133574E-01 a        47     0     3     1     7
  1.5528692159086174E-01 a        48     0     3     1     8
 -4.0464750557642137E-01 a        49     0     3     1     9
  7.8082626177393061E-02 a        50     0     3     1    10
  3.3607265063267983E-01 a        51     0     3     1    11
  1.1503606515603500E-01 a        52     0     3     1    12
  3.2281846140972981E-01 a        53     0     3     1    13
 -1.2033242523791431E-01 a        54     0     3     1    14
  5.5848669967266555E-02 a        55     0     3     1    15
  9.1662032498332435E-02 a        56     0     3     1    16
  2.9457601531984567E-01 a        57     0     3     1    17
  1.7701135982776325E-02 a        58     0     3     1    18
  1.8616348822369613E-01 a        59     0     3     1    19
  3.1686576390120191E-01 a        60     0     3     1    20
  1.5257673770060629E-01 a        61     0     4     1     1
 -2.8477237287173313E-01 a        62     0     4     1     2
  1.3033725134393070E-01 a        63     0     4     1     3
  3.0713123002114168E-01 a        64     0     4     1     4
  3.3690063342822424E-01 a        65     0     4     1     5
  2.8544374542453899E-01 a        66     0     4     1     6
  1.8242737226053424E-01 a        67     0     4     1     7
  3.6116601033344858E-01 a        68     0     4     1     8
  3.2240429247401670E-01 a        69     0     4     1     9
 -3.5757497160779644E-01 a        70     0     4     1    10
 -4.3551910969840318E-01 a        71     0     4     1    11
 -1.0743319506669582E-01 a        72     0     4     1    12
 -2.4690231890058670E-01 a        73     0     4     1    13
 -1.4159157190095562E-01 a        74     0     4     1    14
 -2.3606761600561105E-01 a        75     0     4     1    15
 -1.0354755243152536E-01 a        76     0     4     1    16
  1.8809144138326395E-01 a        77     0     4     1    17
 -5.9745911245979638E-02 a        78     0     4     1    18
 -5.1780749804796439E-02 a        79     0     4     1    19
 -4.4499541576871172E-02 a        80     0     4     1    20
 -5.5339876728919557E-01 a        81     0     5     1     1
  1.4992978908364665E-01 a        82     0     5     1     2
 -1.2626481538871626E-01 a        83     0     5     1     3
  2.1598923490528371E-01 a        84     0     5     1     4
 -1.1798927822926020E-01 a        85     0     5     1     5
 -1.5959107350058566E-01 a        86     0     5     1     6
 -1.0184652989911595E-01 a        87     0     5     1     7
 -1.1669912818643378E-01 a        88     0     5     1     8
  1.0559106838217204E-01 a        89     0     5     1     9
  9.9581977619830800E-02 a        90     0     5     1    10
 -4.3650907951333591E-02 a        91     0     5     1    11
  3.5317631514959114E-01 a        92     0     5     1    12
 -3.2603017994594967E-02 a        93     0     5     1    13
  4.0084270985674303E-01 a        94     0     5     1    14
 -2.4064628422889889E-01 a        95     0     5     1    15
  3.5219176414290770E-01 a        96     0     5     1    16
 -2.9259563359413704E-01 a        97     0     5     1    17
  2.8441974383206930E-01 a        98     0     5     1    18
 -3.7517512217100119E-01 a        99     0     5     1    19
  1.8351186266787156E-01 a       100     0     5     1    20
  2.6515804348901267E-01 a       101     0     6     1     1
 -2.7407812136067463E-02 a       102     0     6     1     2
  4.4615922231369182E-01 a       103     0     6     1     3
  8.4233202151068845E-02 a       104     0     6     1     4
  3.1134581317371412E-02 a       105     0     6     1     5
 -3.7878962953103379E-01 a       106     0     6     1     6
 -3.9731913026122674E-02 a       107     0     6     1     7
 -1.0139143206338656E-01 a       108     0     6     1     8
  3.5900965589434161E-02 a       109     0     6     1     9
 -9.9855077435810180E-02 a       110     0     6     1    10
  3.4212507946144638E-01 a       111     0     6     1    11
 -1.2268680806233105E-01 a       112     0     6     1    12
  2.3212179254370385E-01 a       113     0     6     1    13
  1.8865303060425007E-01 a       114     0     6     1    14
  3.5593877540034990E-01 a       115     0     6     1    15
  1.4523745877278195E-03 a       116     0     6     1    16
 -1.7412627008449022E-01 a       117     0     6     1    17
  1.6672490888187297E-01 a       118     0     6     1    18
 -3.1814812825559891E-01 a       119     0     6     1    19
 -1.3552921492192702E-01 a       120     0     6     1    20
 -2.1767821516957450E-01 a       121     0     7     1     1
 -1.6364702618556082E-01 a       122     0     7     1     2
 -4.9570128240885303E-02 a       123     0     7     1     3
 -3.0414094752581411E-01 a       124     0     7     1     4
 -9.5340529545607122E-02 a       125     0     7     1     5
  1.8965656583075702E-01 a       126     0     7     1     6
  4.1490234739697526E-02 a       127     0     7     1     7
  4.0130257085261734E-01 a       128     0     7     1     8
 -8.3926747816645261E-02 a       129     0     7     1     9
 -2.7384323638435726E-01 a       130     0     7     1    10
 -4.4850891078236022E-01 a       131     0     7     1    11
  7.9888828905401422E-04 a       132     0     7     1    12
 -1.5218581346683258E-01 a       133     0     7     1    13
  4.4510749772882399E-02 a       134     0     7     1    14
 -2.8197047089394300E-01 a       135     0     7     1    15
  1.1549305457647033E-01 a       136     0     7     1    16
  5.2424705309270359E-01 a       137     0     7     1    17
 -2.8184900183074840E-01 a       138     0     7     1    18
  3.6715868111089434E-01 a       139     0     7     1    19
 -2.7720884598307699E-01 a       140     0     7     1    20
  1.5909000693716174E-02 a       141     0     8     1     1
 -1.5623458630021572E-01 a       142     0     8     1     2
 -4.4664441564113261E-01 a       143     0     8     1     3
 -2.3723345060878823E-01 a       144     0     8     1     4
  8.5124672189880093E-03 a       145     0     8     1     5
  4.7303058406605619E-01 a       146     0     8     1     6
  4.4818541408021224E-02 a       147     0     8     1     7
  4.9057841797949184E-03 a       148     0     8     1     8
  1.2158312351628909E-02 a       149     0     8     1     9
  8.4463209612552728E-02 a       150     0     8     1    10
 -1.9007955203006829E-01 a       151     0     8     1    11
  1.5963481277470387E-01 a       152     0     8     1    12
  3.3217472979195378E-01 a       153     0     8     1    13
  4.7831601462884107E-02 a       154     0     8     1    14
 -6.3256590571645718E-02 a       155     0     8     1    15
 -3.4594498880376322E-02 a       156     0     8     1    16
  2.8996332481792425E-01 a       157     0     8     1    17
 -3.9209309125393443E-02 a       158     0     8     1    18
 -2.4798594225324333E-01 a       159     0     8     1    19
  1.0490678794915739E-01 a       160     0     8     1    20
 -3.2125150629984894E-01 a       161     0     9     1     1
  1.0195805339433005E-01 a       162     0     9     1     2
  3.7821129237432161E-01 a       163     0     9     1     3
  4.3269327935202084E-01 a       164     0     9     1     4
 -1.8625770694399243E-01 a       165     0     9     1     5
 -1.5488594697960142E-01 a       166     0     9     1     6
  1.3906608447168436E-01 a       167     0     9     1     7
 -8.2093874200458661E-02 a       168     0     9     1     8
 -1.4486562455303602E-02 a       169     0     9     1     9
 -2.3202710527578135E-01 a       170     0     9     1    10
 -8.9309372304647541E-02 a       171     0     9     1    11
 -7.4861636560973541E-02 a       172     0     9     1    12
  9.6071295322925437E-02 a       173     0     9     1    13
 -7.8479975623531664E-02 a       174     0     9     1    14
  2.7329227372678283E-01 a       175     0     9     1    15
 -2.8780657893308588E-02 a       176     0     9     1    16
 -1.3876552912937959E-01 a       177     0     9     1    17
  4.7591722219377075E-02 a       178     0     9     1    18
  2.4643020168320989E-01 a       179     0     9     1    19
 -9.1054833722177236E-02 a       180     0     9     1    20
  3.4628135555009776E-01 a       181     0    10     1     1
  7.5666074474675452E-02 a       182     0    10     1     2
 -2.1745532056166314E-01 a       183     0    10     1     3
  2.9912973766104750E-01 a       184     0    10     1     4
  1.9003183172737076E-01 a       185     0    10     1     5
 -3.9355574360095180E-01 a       186     0    10     1     6
 -1.7918775579406224E-01 a       187     0    10     1     7
 -4.3528157399982986E-01 a       188     0    10     1     8
  1.3404329326057354E-01 a       189     0    10     1     9
 -4.3832539676507153E-02 a       190     0    10     1    10
  2.2186522242265305E-01 a       191     0    10     1    11
  8.8332711998081195E-02 a       192     0    10     1    12
 -6.7099113433121471E-02 a       193     0    10     1    13
 -2.3788829998946170E-01 a       194     0    10     1    14
  2.3484302448929067E-01 a       195     0    10     1    15
  3.8061300845078090E-02 a       196     0    10     1    16
  1.1728425263378292E-02 a       197     0    10     1    17
 -1.7683403898704766E-01 a       198     0    10     1    18
 -1.6371324385252742E-01 a       199     0    10     1    19
  4.4546028019053563E-01 a       200     0    10     1    20
 -6.4676426558769951E-01 a       201     0    11     1     1
  1.5962582388964877E-01 a       202     0    11     1     2
 -7.4785741633446104E-02 a       203     0    11     1     3
  1.5567469734329856E-01 a       204     0    11     1     4
  4.2040707213667511E-01 a       205     0    11     1     5
  2.3270389573187139E-01 a       206     0    11     1     6
  2.3357885633140807E-01 a       207     0    11     1     7
  2.1940229479539741E-01 a       208     0    11     1     8
  4.5295931525789301E-01 a       209     0    11     1     9
  3.6639811342923623E-01 a       210     0    11     1    10
  2.1929376214741753E-01 a       211     0    11     1    11
  2.8908774316366109E-01 a       212     0    11     1    12
  1.7459367599892028E-01 a       213     0    11     1    13
 -5.0519029488702138E-01 a       214     0    11     1    14
  4.2765734522317805E-01 a       215     0    11     1    15
 -1.8542370313486695E-01 a       216     0    11     1    16
 -5.3304097933628745E-02 a       217     0    11     1    17
  2.3072726596881041E-01 a       218     0    11     1    18
  5.6529719531667619E-02 a       219     0    11     1    19
  2.4203217981144556E-01 a       220     0    11     1    20
  1.0078388424051678E-01 a       221     0    12     1     1
 -2.7558727748161906E-02 a       222     0    12     1     2
 -1.4948319379767858E-01 a       223     0    12     1     3
 -1.6179021048625736E-01 a       224     0    12     1     4
  1.7579599762528650E-01 a       225     0    12     1     5
  1.6848766542105978E-01 a       226     0    12     1     6
 -1.3189427381391378E-01 a       227     0    12     1     7
  3.6994151429184835E-01 a       228     0    12     1     8
 -4.0995689900038566E-02 a       229     0    12     1     9
 -1.8269096732345472E-01 a       230     0    12     1    10
 -1.2763363612172635E-01 a       231     0    12     1    11
 -4.5986901808156511E-02 a       232     0    12     1    12
 -2.1437976243537138E-01 a       233     0    12     1    13
  3.5292835992096061E-01 a       234     0    12     1    14
  1.6017839119449798E-01 a       235     0    12     1    15
  1.7031070386958944E-01 a       236     0    12     1    16
 -1.1255390588260403E-01 a       237     0    12     1    17
 -1.6536273244681866E-02 a       238     0    12     1    18
 -7.9601831388293534E-02 a       239     0    12     1    19
 -3.4116544081161010E-01 a       240     0    12     1    20
 -1.7971876753382233E-02 a       241     0    13     1     1
 -3.6616607677026286E-01 a       242     0    13     1     2
 -6.2367175005683104E-02 a       243     0    13     1     3
 -1.0247703247335968E-01 a       244     0    13     1     4
 -3.2971087370878521E-01 a       245     0    13     1     5
  1.5619111221225235E-01 a       246     0    13     1     6
 -1.9799892224059218E-01 a       247     0    13     1     7
 -1.8525319608551128E-02 a       248     0    13     1     8
 -3.5806818665450280E-01 a       249     0    13     1     9
  2.4115685521458577E-01 a       250     0    13     1    10
 -1.5633943916708748E-01 a       251     0    13     1    11
  1.0874581461812906E-01 a       252     0    13     1    12
 -4.1528670159313719E-01 a       253     0    13     1    13
  1.8355083341804868E-01 a       254     0    13     1    14
 -3.6387439302163632E-01 a       255     0    13     1    15
  3.5963512673364184E-01 a       256     0    13     1    16
  2.5627750349924755E-01 a       257     0    13     1    17
 -6.1349798757643285E-02 a       258     0    13     1    18
 -9.0862190925222977E-02 a       259     0    13     1    19
  3.1405837662762853E-01 a       260     0    13     1    20
 -2.6207934575193714E-01 a       261     0    14     1     1
  1.1218549845280280E-01 a       262     0    14     1     2
 -6.4907091598699063E-02 a       263     0    14     1     3
 -2.7029387247627634E-01 a       264     0    14     1     4
  3.5571153705285602E-01 a       265     0    14     1     5
 -2.4130884418423620E-01 a       266     0    14     1     6
  1.5614266676201791E-01 a       267     0    14     1     7
 -3.9055666997952421E-01 a       268     0    14     1     8
  3.1095238825952581E-01 a       269     0    14     1     9
  4.1864672243109485E-01 a       270     0    14     1    10
  1.8915200426488244E-02 a       271     0    14     1    11
  1.3246848206301765E-01 a       272     0    14     1    12
  8.6674320728720791E-03 a       273     0    14     1    13
 -2.9971523105071862E-01 a       274     0    14     1    14
 -2.1102157182774184E-01 a       275     0    14     1    15
  1.4932896489399167E-01 a       276     0    14     1    16
  5.0782252896917721E-02 a       277     0    14     1    17
  4.5109914093331101E-02 a       278     0    14     1    18
  3.1405851836212839E-01 a       279     0    14     1    19
  4.7521074042799410E-01 a       280     0    14     1    20
  1.1137925824119486E-01 a       281     0    15     1     1
  3.0929242089269043E-01 a       282     0    15     1     2
 -4.2499713158333646E-01 a       283     0    15     1     3
  4.2159424367184638E-02 a       284     0    15     1     4
 -1.9288800259723279E-01 a       285     0    15     1     5
 -1.9211264362934669E-01 a       286     0    15     1     6
 -1.4423654907991298E-01 a       287     0    15     1     7
 -5.8798009252034752E-02 a       288     0    15     1     8
  1.0786282665505541E-01 a       289     0    15     1     9
  3.2627962291041579E-01 a       290     0    15     1    10
 -2.5124039494939659E-02 a       291     0    15     1    11
  5.2520265478155560E-02 a       292     0    15     1    12
 -2.9760047535587610E-02 a       293     0    15     1    13
  1.6028232659471758E-01 a       294     0    15     1    14
 -2.3209671534881268E-01 a       295     0    15     1    15
 -5.8148203355580082E-02 a       296     0    15     1    16
 -2.7537772737682015E-01 a       297     0    15     1    17
 -4.2852968231262578E-01 a       298     0    15     1    18
 -4.7334578360525931E-02 a       299     0    15     1    19
  3.6676406575897413E-01 a       300     0    15     1    20
  3.6950677615060246E-01 a       301     0    16     1     1
  5.1460852388298492E-02 a       302     0    16     1     2
 -2.6461321260808562E-01 a       303     0    16     1     3
 -2.0391460593274799E-01 a       304     0    16     1     4
  3.5293989649374574E-01 a       305     0    16     1     5
  8.3140854410309578E-02 a       306     0    16     1     6
 -9.8672594848994127E-02 a       307     0    16     1     7
  1.6511992704961620E-01 a       308     0    16     1     8
 -5.6477940398488344E-02 a       309     0    16     1     9
  4.5978542391915761E-01 a       310     0    16     1    10
  6.1661993010965806E-03 a       311     0    16     1    11
  2.6005728439460724E-02 a       312     0    16     1    12
 -2.0195491400702523E-01 a       313     0    16     1    13
  3.4846032770604651E-01 a       314     0    16     1    14
  3.0103988951538763E-01 a       315     0    16     1    15
  7.6390148215689416E-02 a       316     0    16     1    16
 -7.7835380803680840E-02 a       317     0    16     1    17
 -1.4204281810949471E-01 a       318     0    16     1    18
  1.1319893360288312E-02 a       319     0    16     1    19
  1.0696147297391345E-01 a       320     0    16     1    20
  2.0530439220576532E-01 a       321     0    17     1     1
  1.5094136929117468E-04 a       322     0    17     1     2
 -2.8677596291361490E-01 a       323     0    17     1     3
  1.6942580291456127E-01 a       324     0    17     1     4
 -1.6860871750549039E-01 a       325     0    17     1     5
 -6.5027977214784607E-02 a       326     0    17     1     6
 -5.6646006147488638E-02 a       327     0    17     1     7
  1.4055471215788479E-01 a       328     0    17     1     8
 -1.1537663491999382E-01 a       329     0    17     1     9
  4.9167613605782250E-02 a       330     0    17     1    10
  1.2596869585214646E-01 a       331     0    17     1    11
 -2.5717112712934675E-01 a       332     0    17     1    12
  1.1341024853632852E-02 a       333     0    17     1    13
  2.9221614983073102E-01 a       334     0    17     1    14
 -6.2357778385175922E-01 a       335     0    17     1    15
  1.6116199234965414E-01 a       336     0    17     1    16
  3.8282650538099157E-02 a       337     0    17     1    17
 -8.0996836329621184E-03 a       338     0    17     1    18
  1.9674531810581222E-02 a       339     0    17     1    19
  2.1046250862980193E-01 a       340     0    17     1    20
 -1.5909885969345952E-01 a       341     0    18     1     1
  3.2746221395996866E-02 a       342     0    18     1     2
  2.4184385435950831E-01 a       343     0    18     1     3
  1.6954964001849290E-01 a       344     0    18     1     4
  3.9269884430012109E-01 a       345     0    18     1     5
 -7.6943672468436697E-02 a       346     0    18     1     6
  1.2541540756970479E-01 a       347     0    18     1     7
  4.5309153729900115E-01 a       348     0    18     1     8
  4.4026389569606483E-01 a       349     0    18     1     9
 -1.9731901488461709E-01 a       350     0    18     1    10
 -1.4950488917698193E-01 a       351     0    18     1    11
  2.8871663052225482E-01 a       352     0    18     1    12
  2.3738205935888854E-01 a       353     0    18     1    13
  2.6845681432393886E-01 a       354     0    18     1    14
  1.5850131437198922E-01 a       355     0    18     1    15
 -1.7219758849930578E-01 a       356     0    18     1    16
  1.3242929178211724E-01 a       357     0    18     1    17
 -6.4678478166916492E-02 a       358     0    18     1    18
 -3.1163846036855519E-01 a       359     0    18     1    19
  9.2994820298584191E-02 a       360     0    18     1    20
  1.2643654618025893E-01 a       361     0    19     1     1
  6.5128492950872363E-02 a       362     0    19     1     2
 -1.1802477483064372E-01 a       363     0    19     1     3
  4.7393591724967638E-01 a       364     0    19     1     4
 -1.1621487250674221E-01 a       365     0    19     1     5
  8.9477402648761278E-02 a       366     0    19     1     6
 -1.3626165366578577E-01 a       367     0    19     1     7
  1.8900003244369024E-01 a       368     0    19     1     8
 -3.9176918988502851E-01 a       369     0    19     1     9
 -2.5736658244134297E-01 a       370     0    19     1    10
 -1.6536637147953545E-01 a       371     0    19     1    11
 -4.3955640304793386E-01 a       372     0    19     1    12
  1.7361386105548110E-01 a       373     0    19     1    13
 -2.3402811307584359E-01 a       374     0    19     1    14
 -1.2004880384785685E-01 a       375     0    19     1    15
 -4.0833868055242167E-02 a       376     0    19     1    16
 -2.5808776255346422E-01 a       377     0    19     1    17
 -2.2539149488338017E-01 a       378     0    19     1    18
  1.1422900569188905E-01 a       379     0    19     1    19
 -2.4026563518132088E-01 a       380     0    19     1    20
  5.3703461666611552E-02 a       381     0    20     1     1
 -3.1547832154191859E-02 a       382     0    20     1     2
  6.2147966097218377E-01 a       383     0    20     1     3
 -3.8583771234848152E-01 a       384     0    20     1     4
 -9.9859176705401412E-02 a       385     0    20     1     5
  3.2481185247740868E-01 a       386     0    20     1     6
  3.5069874028565340E-01 a       387     0    20     1     7
  2.4603744271429941E-02 a       388     0    20     1     8
 -2.2169346698295117E-01 a       389     0    20     1     9
  5.9382742991922099E-01 a       390     0    20     1    10
 -2.4002179557974823E-01 a       391     0    20     1    11
  8.8913524971862362E-02 a       392     0    20     1    12
 -2.6038320218290711E-01 a       393     0    20     1    13
 -2.1996440963937974E-01 a       394     0    20     1    14
  2.5640229925095942E-01 a       395     0    20     1    15
 -2.6284917893817700E-01 a       396     0    20     1    16
 -2.3799402972084660E-01 a       397     0    20     1    17
  3.6684688268210447E-01 a       398     0    20     1    18
  1.5480794553418445E-01 a       399     0    20     1    19
  6.2112193930653099E-02 a       400     0    20     1    20
 -2.5546910233696835E-01 a       401     0    21     1     1
  1.7345427086412288E-01 a       402     0    21     1     2
 -9.9393537498735349E-02 a       403     0    21     1     3
  1.6617013142904774E-01 a       404     0    21     1     4
 -1.6696817349325738E-01 a       405     0    21     1     5
  9.6660978998114808E-02 a       406     0    21     1     6
  2.5069548721008050E-01 a       407     0    21     1     7
 -1.9750898081958426E-01 a       408     0    21     1     8
  2.5011461677945218E-01 a       409     0    21     1     9
  1.3212067790097048E-01 a       410     0    21     1    10
  2.2293458132347463E-01 a       411     0    21     1    11
  1.2644013582941419E-01 a       412     0    21     1    12
  1.9062899078756676E-01 a       413     0    21     1    13
  5.0784480694382539E-01 a       414     0    21     1    14
  3.4236858727591024E-01 a       415     0    21     1    15
 -3.1417546960697013E-01 a       416     0    21     1    16
  3.0388694461369402E-02 a       417     0    21     1    17
  3.9139081445570445E-01 a       418     0    21     1    18
  1.4967589344549281E-01 a       419     0    21     1    19
 -7.4149345876178496E-02 a       420     0    21     1    20
  3.3223105743940340E-01 a       421     0    22     1     1
  8.7800464811808254E-02 a       422     0    22     1     2
  2.6206367261416447E-01 a       423     0    22     1     3
 -2.1205886875485336E-01 a       424     0    22     1     4
  3.7210055976118706E-01 a       425     0    22     1     5
 -2.6890430733411386E-01 a       426     0    22     1     6
 -1.9665062824513128E-02 a       427     0    22     1     7
 -2.3984612325077925E-02 a       428     0    22     1     8
  5.3907201521067682E-01 a       429     0    22     1     9
 -6.5256306311574433E-02 a       430     0    22     1    10
 -6.9288421261125804E-02 a       431     0    22     1    11
  5.0100800904261211E-01 a       432     0    22     1    12
 -2.0511801613429659E-01 a       433     0    22     1    13
 -1.1381260076529981E-01 a       434     0    22     1    14
  3.8655512525781921E-01 a       435     0    22     1    15
 -1.6780726358161169E-01 a       436     0    22     1    16
  1.2964648131408452E-02 a       437     0    22     1    17
 -1.6963668942156715E-01 a       438     0    22     1    18
  2.6541940989011015E-02 a       439     0    22     1    19
  1.8925813365628552E-01 a       440     0    22     1    20
  3.5012166271466494E-01 a       441     0    23     1     1
 -1.8105830368435955E-01 a       442     0    23     1     2
  2.3876243486560214E-01 a       443     0    23     1     3
  1.9974932483385044E-01 a       444     0    23     1     4
  2.8851557894425700E-01 a       445     0    23     1     5
 -1.6269582238952900E-02 a       446     0    23     1     6
  1.1695086497235387E-01 a       447     0    23     1     7
 -8.4516068079322534E-02 a       448     0    23     1     8
  1.0962801615291341E-01 a       449     0    23     1     9
 -4.2547475618940955E-02 a       450     0    23     1    10
  2.8278755911046233E-01 a       451     0    23     1    11
  2.7403191405273225E-01 a       452     0    23     1    12
  1.5811734418944945E-01 a       453     0    23     1    13
 -3.9793852838297630E-02 a       454     0    23     1    14
 -2.7123552861612182E-01 a       455     0    23     1    15
  1.3990637937787526E-01 a       456     0    23     1    16
  6.7309827661821670E-02 a       457     0    23     1    17
 -5.7640198728395250E-02 a       458     0    23     1    18
  1.2063021844456120E-01 a       459     0    23     1    19
 -3.5878778542725553E-01 a       460     0    23     1    20
 -3.5714414668983513E-01 a       461     0    24     1     1
  1.3728018266198513E-01 a       462     0    24     1     2
 -1.0564450024226275E-02 a       463     0    24     1     3
  3.9177230262041884E-01 a       464     0    24     1     4
 -9.7143660231289480E-02 a       465     0    24     1     5
 -1.5941754364890502E-02 a       466     0    24     1     6
 -1.8471390109504613E-03 a       467     0    24     1     7
  3.7590350970525759E-02 a       468     0    24     1     8
  1.6091804632759799E-01 a       469     0    24     1     9
  9.5287966189233367E-02 a       470     0    24     1    10
  1.5501054095723671E-02 a       471     0    24     1    11
  2.7109948310036741E-02 a       472     0    24     1    12
  3.9366452899235585E-02 a       473     0    24     1    13
 -1.2733160832117663E-01 a       474     0    24     1    14
 -1.5290969755766115E-01 a       475     0    24     1    15
 -1.2683992458240084E-01 a       476     0    24     1    16
 -3.1170426311757368E-02 a       477     0    24     1    17
 -7.0454552500735193E-02 a       478     0    24     1    18
  1.3758644804474590E-01 a       479     0    24     1    19
  5.3817507576754783E-02 a       480     0    24     1    20
 -3.3644592634163700E-01 a       481     0    25     1     1
 -3.5390367604606648E-02 a       482     0    25     1     2
  8.4402906999085453E-02 a       483     0    25     1     3
 -2.6663909947493854E-02 a       484     0    25     1     4
 -2.0348566559902190E-01 a       485     0    25     1     5
 -1.7744953651995496E-01 a       486     0    25     1     6
 -6.1159802257828653E-02 a       487     0    25     1     7
 -1.6139931564686494E-01 a       488     0    25     1     8
  7.6764989684734566E-02 a       489     0    25     1     9
  1.0913602861816689E-01 a       490     0    25     1    10
 -4.4409873390492231E-02 a       491     0    25     1    11
 -2.5426239824671582E-01 a       492     0    25     1    12
  9.8012800964332722E-02 a       493     0    25     1    13
 -3.7122466615762256E-01 a       494     0    25     1    14
 -2.3038011636870420E-01 a       495     0    25     1    15
  2.1441019719602585E-02 a       496     0    25     1    16
 -1.5594791028611218E-01 a       497     0    25     1    17
 -1.2874481098475873E-01 a       498     0    25     1    18
  2.4634934115349943E-01 a       499     0    25     1    19
  3.5127082970837852E-02 a       500     0    25     1    20
  1.0478158347824425E-01 a       501     0    26     1     1
  3.1062412129651029E-01 a       502     0    26     1     2
 -2.2220743114339286E-01 a       503     0    26     1     3
  1.1284114582108078E-01 a       504     0    26     1     4
 -4.5284318077769231E-01 a       505     0    26     1     5
 -1.5556581590047477E-01 a       506     0    26     1     6
  1.6666439585324991E-01 a       507     0    26     1     7
 -5.2772092903912550E-03 a       508     0    26     1     8
  5.2190279909123900E-02 a       509     0    26     1     9
 -3.1551427240829910E-01 a       510     0    26     1    10
  1.5582652024793123E-01 a       511     0    26     1    11
 -1.5014255789194883E-01 a       512     0    26     1    12
  4.5099609405431468E-01 a       513     0    26     1    13
  2.0685925266448892E-02 a       514     0    26     1    14
  2.2594863195483067E-01 a       515     0    26     1    15
  9.7072020747227844E-02 a       516     0    26     1    16
 -2.1750694647859442E-01 a       517     0    26     1    17
 -1.2147534020841376E-01 a       518     0    26     1    18
  3.8162040873510494E-01 a       519     0    26     1    19
 -6.0473953191011884E-02 a       520     0    26     1    20
  1.6460275081894649E-01 a       521     0    27     1     1
 -1.7886627136190755E-01 a       522     0    27     1     2
  1.6850054845009232E-01 a       523     0    27     1     3
 -5.1391242938123943E-02 a       524     0    27     1     4
  6.6343171534433454E-01 a       525     0    27     1     5
 -4.1011198334067196E-02 a       526     0    27     1     6
 -1.0497151534003119E-03 a       527     0    27     1     7
  5.0815324324236255E-01 a       528     0    27     1     8
  2.5381934884976404E-01 a       529     0    27     1     9
  2.8402272579052579E-01 a       530     0    27     1    10
  2.6538322129324421E-01 a       531     0    27     1    11
 -3.6733815903524775E-01 a       532     0    27     1    12
 -9.2986190267668786E-02 a       533     0    27     1    13
 -1.6614660182208182E-01 a       534     0    27     1    14
 -1.6479397447357125E-01 a       535     0    27     1    15
  9.4200569903926043E-02 a       536     0    27     1    16
  1.1304957088875003E-01 a       537     0    27     1    17
  5.3239757863997306E-01 a       538     0    27     1    18
 -1.0188116445039667E-01 a       539     0    27     1    19
  2.4531331407125663E-02 a       540     0    27     1    20
  1.3260297321434475E+00 b       541     1     1
  3.9723704171749530E-01 b       542     1     2
 -1.1125231242341971E+00 b       543     1     3
 -1.4585901865279949E+00 b       544     1     4
  1.6198559705995561E+00 b       545     1     5
 -1.1873309875038147E+00 b       546     1     6
 -1.1941488876064228E+00 b       547     1     7
  1.1153504727098973E+00 b       548     1     8
 -1.2672071977726487E+00 b       549     1     9
  1.2545148504458781E+00 b       550     1    10
 -1.0959840187337675E+00 b       551     1    11
  4.6698878640438635E-01 b       552     1    12
 -7.2933765219346436E-01 b       553     1    13
 -1.2620945661965111E+00 b       554     1    14
 -9.6048586988210138E-01 b       555     1    15
  8.8511361366728947E-01 b       556     1    16
  2.3613821502511903E-01 b       557     1    17
 -1.4135910051031799E+00 b       558     1    18
  4.1872923392942046E-02 b       559     1    19
  1.2226212083475760E+00 b       560     1    20
 -3.6303190625873660E-01 a       561     1     1     2     1
  3.1815642550443701E-01 a       562     1     1     2     2
  3.1693508827587080E-01 a       563     1     1     2     3
  4.3986424992084955E-01 a       564     1     1     2     4
  5.6125591443711070E-02 a       565     1     1     2     5
  3.6865501628833264E-01 a       566     1     1     2     6
  2.9805032257786446E-01 a       567     1     1     2     7
  5.0630890460225542E-01 a       568     1     1     2     8
 -5.5468928402567252E-01 a       569     1     1     2     9
 -6.2518328975852078E-02 a       570     1     1     2    10
 -7.2013652138834627E-01 a       571     1     1     2    11
  5.5750856853875475E-01 a       572     1     1     2    12
  3.8566228505607819E-01 a       573     1     1     2    13
 -2.4465563849072031E-01 a       574     1     1     2    14
  7.5854518006159694E-03 a       575     1     1     2    15
 -1.1512465834041392E-01 a       576     1     1     2    16
  1.9765818436721966E-01 a       577     1     1     2    17
  1.9864317552709454E-01 a       578     1     1     2    18
  1.5767757245908387E-01 a       579     1     1     2    19
  1.8621312341642271E-01 a       580     1     1     2    20
 -5.8614967886299030E-01 a       581     1     2     2     1
  2.0397175395483225E-01 a       582     1     2     2     2
 -2.3738501342530513E-02 a       583     1     2     2     3
  2.5176546970476926E-01 a       584     1     2     2     4
  3.2718981301829408E-01 a       585     1     2     2     5
 -2.5815860790200595E-01 a       586     1     2     2     6
 -3.9031933661847129E-01 a       587     1     2     2     7
 -4.6690785475075824E-01 a       588     1     2     2     8
 -7.8151777786304638E-02 a       589     1     2     2     9
 -4.7132955231005580E-01 a       590     1     2     2    10
 -2.7841383417942750E-01 a       591     1     2     2    11
 -1.1906590262942325E-01 a       592     1     2     2    12
 -4.1892925433884239E-02 a       593     1     2     2    13
  2.8999924801459694E-02 a       594     1     2     2    14
  3.1614877156847504E-01 a       595     1     2     2    15
  3.9879348578251940E-03 a       596     1     2     2    16
 -1.8857361666355410E-01 a       597     1     2     2    17
  3.1222449221152404E-01 a       598     1     2     2    18
  2.5767131404043381E-01 a       599     1     2     2    19
  3.0024288499558877E-01 a       600     1     2     2    20
 -3.8370204928011575E-01 a       601     1     3     2     1
  5.9367681105676273E-01 a       602     1     3     2     2
  5.7174033349199027E-01 a       603     1     3     2     3
 -4.1408027102123524E-01 a       604     1     3     2     4
 -2.8605415724959576E-01 a       605     1     3     2     5
 -8.0183693052679972E-02 a       606     1     3     2     6
  1.1105854834062774E-01 a       607     1     3     2     7
  3.8695336680854392E-01 a       608     1     3     2     8
  3.5346465987304110E-01 a       609     1     3     2     9
 -2.9479801438428521E-01 a       610     1     3     2    10
  5.3751519343683563E-01 a       611     1     3     2    11
  2.5856324566639227E-01 a       612     1     3     2    12
 -1.9590569009251765E-01 a       613     1     3     2    13
  2.6804403941628929E-01 a       614     1     3     2    14
 -4.9726844093346123E-01 a       615     1     3     2    15
  6.8112272748936153E-01 a       616     1     3     2    16
  2.9710017378812564E-01 a       617     1     3     2    17
 -3.0539813436704394E-01 a       618     1     3     2    18
 -3.4724159956762268E-01 a       619     1     3     2    19
  4.8078348099284973E-01 a       620     1     3     2    20
  4.2534461824999514E-01 a       621     1     4     2     1
 -4.1713290890843757E-01 a       622     1     4     2     2
  4.2071094650482199E-02 a       623     1     4     2     3
 -3.0944040556562186E-01 a       624     1     4     2     4
  1.4118463054619340E-01 a       625     1     4     2     5
  4.1934489785270412E-01 a       626     1     4     2     6
 -5.5746540656473297E-02 a       627     1     4     2     7
 -2.0928330351943167E-01 a       628     1     4     2     8
  1.7988122670688558E-01 a       629     1     4     2     9
 -2.6308154780714682E-01 a       630     1     4     2    10
 -3.9493392333861989E-02 a       631     1     4     2    11
 -4.9598225239506322E-01 a       632     1     4     2    12
  2.5147318299684257E-01 a       633     1     4     2    13
 -3.5535232829549784E-01 a       634     1     4     2    14
  6.6227132163939814E-02 a       635     1     4     2    15
 -2.0909066878560351E-01 a       636     1     4     2    16
 -5.7834821369855849E-01 a       637     1     4     2    17
  2.1839025242020393E-01 a       638     1     4     2    18
  2.5386704932180010E-01 a       639     1     4     2    19
  2.3621339002565039E-01 a       640     1     4     2    20
 -4.0572595205601597E-01 a       641     1     5     2     1
  1.2492711037225179E-01 a       642     1     5     2     2
  4.0356686396653996E-01 a       643     1     5     2     3
 -3.6068085311266501E-01 a       644     1     5     2     4
  8.0867380594856195E-02 a       645     1     5     2     5
  5.3670809874436198E-01 a       646     1     5     2     6
  3.6484979774899268E-01 a       647     1     5     2     7
 -2.0683613269321798E-02 a       648     1     5     2     8
  1.8733612879557368E-01 a       649     1     5     2     9
 -2.8279488374473488E-01 a       650     1     5     2    10
  2.3206529736549225E-01 a       651     1     5     2    11
 -1.3497718114217575E-01 a       652     1     5     2    12
  3.4513194271787617E-01 a       653     1     5     2    13
 -3.0353682957342538E-02 a       654     1     5     2    14
  4.0037913618730114E-01 a       655     1     5     2    15
  1.4875715075247503E-01 a       656     1     5     2    16
  4.4311725629481330E-01 a       657     1     5     2    17
  1.3231299703801193E-03 a       658     1     5     2    18
 -2.9512442029741537E-01 a       659     1     5     2    19
 -4.9478945764674842E-01 a       660     1     5     2    20
 -3.4914698246700121E-01 a       661     1     6     2     1
  4.3020315125634734E-01 a       662     1     6     2     2
 -2.2798974170488102E-02 a       663     1     6     2     3
  4.6855326684096621E-01 a       664     1     6     2     4
 -4.7485100752156761E-01 a       665     1     6     2     5
 -9.5278503153429395E-02 a       666     1     6     2     6
 -1.5032474626982295E-01 a       667     1     6     2     7
  3.6445497380801944E-01 a       668     1     6     2     8
  8.4560693746897994E-02 a       669     1     6     2     9
 -2.7880732635501088E-01 a       670     1     6     2    10
 -8.2356738819651665E-02 a       671     1     6     2    11
 -4.4538394014632798E-01 a       672     1     6     2    12
  4.5258672723472876E-01 a       673     1     6     2    13
  2.5102615859604677E-01 a       674     1     6     2    14
 -6.2072771935156479E-01 a       675     1     6     2    15
 -3.9488556600347238E-02 a       676     1     6     2    16
 -5.1507396879747924E-01 a       677     1     6     2    17
 -1.9641959485078542E-01 a       678     1     6     2    18
  4.1376686511212879E-01 a       679     1     6     2    19
 -3.2246506973954459E-01 a       680     1     6     2    20
  5.2897225712842921E-01 a       681     1     7     2     1
  6.1412171970976182E-01 a       682     1     7     2     2
 -2.5291362343430414E-02 a       683     1     7     2     3
  2.0486544764981529E-01 a       684     1     7     2     4
  2.3092243957627964E-01 a       685     1     7     2     5
 -6.2136686771794369E-01 a       686     1     7     2     6
 -1.1834754304733222E-01 a       687     1     7     2     7
 -4.6591487440772122E-01 a       688     1     7     2     8
 -4.1906437699815370E-02 a       689     1     7     2     9
  2.1373471644682049E-01 a       690     1     7     2    10
 -4.8364401715200522E-01 a       691     1     7     2    11
 -2.9300472513423997E-01 a       692     1     7     2    12
 -2.6244710849302268E-02 a       693     1     7     2    13
 -4.1703367952218801E-01 a       694     1     7     2    14
 -4.2683786922059958E-01 a       695     1     7     2    15
 -2.3081757726234206E-01 a       696     1     7     2    16
 -4.8189685094759349E-01 a       697     1     7     2    17
  1.4968575028373468E-01 a       698     1     7     2    18
  6.4549002893832041E-01 a       699     1     7     2    19
  4.3926262471438721E-01 a       700     1     7     2    20
 -1.8239830955527633E-01 a       701     1     8     2     1
  5.7479361652570182E-01 a       702     1     8     2     2
 -3.1679394787315857E-01 a       703     1     8     2     3
  2.8971989336000442E-01 a       704     1     8     2     4
 -4.7435932351208904E-01 a       705     1     8     2     5
  1.9565850726831202E-01 a       706     1     8     2     6
  8.5242679940374405E-02 a       707     1     8     2     7
  3.0600295724353038E-01 a       708     1     8     2     8
  5.2633581328938606E-01 a       709     1     8     2     9
  1.4745915605222601E-02 a       710     1     8     2    10
  4.7669676484783485E-01 a       711     1     8     2    11
  2.3373815111589633E-02 a       712     1     8     2    12
  5.2140821700237328E-01 a       713     1     8     2    13
 -2.7638158606667934E-01 a       714     1     8     2    14
  3.8006087563488382E-02 a       715     1     8     2    15
 -4.1034750198164394E-01 a       716     1     8     2    16
 -1.2754804922391547E-01 a       717     1     8     2    17
 -1.0693125486645869E-01 a       718     1     8     2    18
  2.5655640689008391E-01 a       719     1     8     2    19
  5.6181886314429352E-01 a       720     1     8     2    20
 -2.1924318926672876E-01 a       721     1     9     2     1
 -7.3333409913123287E-02 a       722     1     9     2     2
 -5.7703677090419431E-02 a       723     1     9     2     3
 -7.1342782682483008E-01 a       724     1     9     2     4
  1.4644546304045955E-01 a       725     1     9     2     5
 -2.0833741933336838E-01 a       726     1     9     2     6
  2.2152726084407387E-01 a       727     1     9     2     7
 -2.6942638349991103E-02 a       728     1     9     2     8
  2.8250031492095673E-01 a       729     1     9     2     9
 -6.5064009915612964E-01 a       730     1     9     2    10
  1.1989923043377390E-01 a       731     1     9     2    11
  3.0251804054357195E-01 a       732     1     9     2    12
 -1.0794890323148110E-01 a       733     1     9     2    13
 -5.5938877350832639E-01 a       734     1     9     2    14
  3.4431903470692360E-01 a       735     1     9     2    15
 -5.2118509457678819E-01 a       736     1     9     2    16
 -1.2060015736354235E-01 a       737     1     9     2    17
 -5.0334820687477599E-01 a       738     1     9     2    18
  5.4370731984086462E-01 a       739     1     9     2    19
  7.3737126430104993E-01 a       740     1     9     2    20
  4.3775074792926477E-01 a       741     1    10     2     1
  3.0310664349987248E-03 a       742     1    10     2     2
  4.0060728618006664E-01 a       743     1    10     2     3
 -4.0024306395750314E-01 a       744     1    10     2     4
  3.7341533530144844E-01 a       745     1    10     2     5
 -1.8408480398509791E-01 a       746     1    10     2     6
  2.8084799631747992E-01 a       747     1    10     2     7
 -1.6413665073082581E-01 a       748     1    10     2     8
  3.6610038196905870E-01 a       749     1    10     2     9
  3.8719143333251349E-01 a       750     1    10     2    10
 -9.7480804458845507E-02 a       751     1    10     2    11
  1.5923880690831468E-01 a       752     1    10     2    12
  9.0470891132071685E-01 a       753     1    10     2    13
  3.2147974056925405E-01 a       754     1    10     2    14
  7.8968808923606859E-02 a       755     1    10     2    15
 -3.8576755330328855E-01 a       756     1    10     2    16
  4.0340406488752723E-01 a       757     1    10     2    17
 -1.9940524352497521E-01 a       758     1    10     2    18
  2.4767225620826408E-01 a       759     1    10     2    19
 -2.4799455704305554E-01 a       760     1    10     2    20
 -3.5773132043751971E-01 a       761     1    11     2     1
  4.8892843395070179E-01 a       762     1    11     2     2
  2.0875776623215778E-01 a       763     1    11     2     3
 -2.8736052206986773E-02 a       764     1    11     2     4
 -5.0849868987392677E-01 a       765     1    11     2     5
  2.1725534865358756E-01 a       766     1    11     2     6
 -4.5953950377777808E-01 a       767     1    11     2     7
  2.2099629578947103E-01 a       768     1    11     2     8
  4.9056150841584978E-01 a       769     1    11     2     9
 -2.9422727361793111E-01 a       770     1    11     2    10
 -4.4515901382357942E-01 a       771     1    11     2    11
 -3.7876294166468000E-01 a       772     1    11     2    12
 -3.2849151267923433E-03 a       773     1    11     2    13
 -1.9668646996842815E-01 a       774     1    11     2    14
 -2.2449605249240281E-01 a       775     1    11     2    15
  8.7596793465787415E-02 a       776     1    11     2    16
 -4.6100493416340521E-01 a       777     1    11     2    17
 -6.0824289920968300E-01 a       778     1    11     2    18
  3.0089944542181785E-01 a       779     1    11     2    19
  2.5121640740589402E-01 a       780     1    11     2    20
  4.8929876277779710E-01 a       781     1    12     2     1
 -2.9077085161668942E-01 a       782     1    12     2     2
  6.1325843733958019E-01 a       783     1    12     2     3
 -7.2820805635937613E-01 a       784     1    12     2     4
  2.6070542777582723E-01 a       785     1    12     2     5
  5.8400072504977689E-02 a       786     1    12     2     6
  1.6856380458198628E-01 a       787     1    12     2     7
  8.7248114924151784E-02 a       788     1    12     2     8
 -1.5792547430009940E-01 a       789     1    12     2     9
  1.3852677142006570E-01 a       790     1    12     2    10
  2.8940330964007993E-01 a       791     1    12     2    11
  5.0841873295328044E-01 a       792     1    12     2    12
  5.7674585482615925E-01 a       793     1    12     2    13
  4.8792314182716338E-02 a       794     1    12     2    14
 -2.1197881679698213E-01 a       795     1    12     2    15
 -8.7282553093597809E-02 a       796     1    12     2    16
  2.1000397366955725E-01 a       797     1    12     2    17
 -1.3215753605163058E-01 a       798     1    12     2    18
  3.3095185521537657E-01 a       799     1    12     2    19
  3.8822916899972304E-01 a       800     1    12     2    20
 -2.8684974410080822E-02 a       801     1    13     2     1
  5.1686633595218301E-01 a       802     1    13     2     2
 -4.1370653994116724E-01 a       803     1    13     2     3
  3.5618001968973967E-01 a       804     1    13     2     4
  2.7866721521519877E-01 a       805     1    13     2     5
 -5.0955923363580080E-01 a       806     1    13     2     6
  3.4811760541910058E-01 a       807     1    13     2     7
 -1.2355441255361378E-01 a       808     1    13     2     8
 -2.7869453702197583E-01 a       809     1    13     2     9
 -1.7925697954334952E-01 a       810     1    13     2    10
 -2.6152276356788329E-01 a       811     1    13     2    11
  3.2502396380602749E-01 a       812     1    13     2    12
  3.3534636713485645E-02 a       813     1    13     2    13
  7.1305166015242727E-02 a       814     1    13     2    14
  4.0091247146893849E-01 a       815     1    13     2    15
 -7.8353102301979644E-02 a       816     1    13     2    16
 -1.1159827707007579E-01 a       817     1    13     2    17
 -4.7287245820896112E-01 a       818     1    13     2    18
  8.2488198358380130E-02 a       819     1    13     2    19
 -4.2986195970594687E-01 a       820     1    13     2    20
  5.8254480397548969E-01 a       821     1    14     2     1
 -3.2891979911758673E-01 a       822     1    14     2     2
 -6.9134107644163545E-01 a       823     1    14     2     3
  4.1469731810187849E-01 a       824     1    14     2     4
 -1.6693470168733024E-01 a       825     1    14     2     5
  1.2609383532877422E-01 a       826     1    14     2     6
 -3.4311919891713905E-01 a       827     1    14     2     7
 -1.6991688913028616E-01 a       828     1    14     2     8
 -4.9012809220708842E-01 a       829     1    14     2     9
 -4.0841869624319529E-02 a       830     1    14     2    10
 -5.9343266366223668E-01 a       831     1    14     2    11
  5.3106826217136860E-01 a       832     1    14     2    12
  5.4293281474834620E-01 a       833     1    14     2    13
  2.1394817675378561E-01 a       834     1    14     2    14
 -4.9167521284937377E-01 a       835     1    14     2    15
 -3.7954914651150312E-01 a       836     1    14     2    16
  2.9606217945496377E-01 a       837     1    14     2    17
  2.0536530238456202E-01 a       838     1    14     2    18
 -2.8533615694011877E-01 a       839     1    14     2    19
  3.1158966762954188E-01 a       840     1    14     2    20
  3.3922820480254168E-01 a       841     1    15     2     1
  3.2302689197092094E-01 a       842     1    15     2     2
 -3.0591946327567503E-02 a       843     1    15     2     3
  2.4633843282186454E-01 a       844     1    15     2     4
 -7.3416221114676949E-01 a       845     1    15     2     5
 -2.3779358605248857E-01 a       846     1    15     2     6
 -1.3969836231907647E-02 a       847     1    15     2     7
  3.3687409616103120E-01 a       848     1    15     2     8
  8.3755736574727055E-02 a       849     1    15     2     9
  4.1334973865247665E-01 a       850     1    15     2    10
  2.5246469016756290E-01 a       851     1    15     2    11
 -3.6524454626113334E-01 a       852     1    15     2    12
 -2.6094612340167456E-01 a       853     1    15     2    13
  4.1494776602789341E-01 a       854     1    15     2    14
 -3.2112567838314571E-01 a       855     1    15     2    15
 -2.8686102991753687E-01 a       856     1    15     2    16
  5.2578991480454040E-01 a       857     1    15     2    17
 -1.3691174621952670E-01 a       858     1    15     2    18
 -3.3889393692999875E-01 a       859     1    15     2    19
 -2.2146406965954094E-01 a       860     1    15     2    20
 -1.3297669280898061E-01 a       861     1    16     2     1
  8.9569014654091034E-02 a       862     1    16     2     2
  8.0356876318174275E-01 a       863     1    16     2     3
  3.8228388143310549E-01 a       864     1    16     2     4
 -5.1526441341021167E-01 a       865     1    16     2     5
  1.0325259204226490E-01 a       866     1    16     2     6
 -3.9458094709676383E-01 a       867     1    16     2     7
  2.6313224094311050E-01 a       868     1    16     2     8
  1.3264857411410602E-01 a       869     1    16     2     9
 -7.8616373548157786E-02 a       870     1    16     2    10
 -2.2302516605311901E-01 a       871     1    16     2    11
  3.0414416208226513E-01 a       872     1    16     2    12
  3.4768831962460039E-01 a       873     1    16     2    13
  3.5463636940045418E-01 a       874     1    16     2    14
 -8.5879193803640885E-01 a       875     1    16     2    15
 -6.2045225206795940E-01 a       876     1    16     2    16
  6.1446567238390737E-01 a       877     1    16     2    17
  8.8872352729604975E-02 a       878     1    16     2    18
 -8.1101690500374662E-02 a       879     1    16     2    19
 -4.2520296542957720E-01 a       880     1    16     2    20
 -1.1285735562252755E-02 a       881     1    17     2     1
  5.1631667030879802E-01 a       882     1    17     2     2
 -6.3851853404519210E-01 a       883     1    17     2     3
 -1.7442995890458907E-01 a       884     1    17     2     4
  3.1200949469597300E-01 a       885     1    17     2     5
  2.3937544067839270E-01 a       886     1    17     2     6
  4.8732556206005484E-01 a       887     1    17     2     7
  3.1156436488954958E-01 a       888     1    17     2     8
 -4.9805590802832655E-01 a       889     1    17     2     9
 -2.7617109253310701E-01 a       890     1    17     2    10
  1.6297725640136870E-01 a       891     1    17     2    11
 -1.3405365427490185E-01 a       892     1    17     2    12
 -3.9911705086237748E-01 a       893     1    17     2    13
 -1.7620883793044717E-01 a       894     1    17     2    14
  2.2612257208977421E-01 a       895     1    17     2    15
 -8.1998767553519425E-01 a       896     1    17     2    16
 -1.3674390517342308E-01 a       897     1    17     2    17
  4.7914939108438431E-01 a       898     1    17     2    18
 -2.2315251218451296E-01 a       899     1    17     2    19
 -2.1098471258885704E-01 a       900     1    17     2    20
  4.5705065776414588E-02 a       901     1    18     2     1
  3.2875469925978279E-01 a       902     1    18     2     2
 -2.1692491143013140E-01 a       903     1    18     2     3
 -1.0813961125353856E-01 a       904     1    18     2     4
 -2.0183352422957074E-01 a       905     1    18     2     5
 -4.7512826352515372E-02 a       906     1    18     2     6
  4.5199657501080687E-01 a       907     1    18     2     7
 -7.2838043386000095E-01 a       908     1    18     2     8
 -2.1239605601357411E-01 a       909     1    18     2     9
  1.5268862430452119E-02 a       910     1    18     2    10
 -6.5511947343734930E-02 a       911     1    18     2    11
  5.5300925858128591E-01 a       912     1    18     2    12
  3.2846881656832289E-01 a       913     1    18     2    13
  3.2717408989568403E-01 a       914     1    18     2    14
  3.8024879837327213E-01 a       915     1    18     2    15
  1.7354501186598698E-01 a       916     1    18     2    16
 -4.0636640378210098E-01 a       917     1    18     2    17
  2.8841328139054923E-01 a       918     1    18     2    18
  1.8486037669131813E-01 a       919     1    18     2    19
  3.1630924519368003E-01 a       920     1    18     2    20
 -2.2751125003357298E-01 a       921     1    19     2     1
  1.6083429962624740E-01 a       922     1    19     2     2
 -1.5107569986982572E-01 a       923     1    19     2     3
 -6.4744491335012366E-01 a       924     1    19     2     4
  3.0311782572416329E-01 a       925     1    19     2     5
  3.7923226803201665E-01 a       926     1    19     2     6
  4.3456404380048630E-01 a       927     1    19     2     7
  3.5238401086958215E-01 a       928     1    19     2     8
  1.2880017759974874E-01 a       929     1    19     2     9
 -5.5832519466790975E-01 a       930     1    19     2    10
 -3.9520810857660632E-01 a       931     1    19     2    11
  1.9504368436552283E-01 a       932     1    19     2    12
  2.6237605757525229E-01 a       933     1    19     2    13
 -4.8270387833163952E-01 a       934     1    19     2    14
 -3.7662872408074494E-01 a       935     1    19     2    15
 -4.1759164842983240E-02 a       936     1    19     2    16
 -5.1750458844129621E-01 a       937     1    19     2    17
  2.0582766239714198E-01 a       938     1    19     2    18
  2.7829215967277848E-01 a       939     1    19     2    19
  3.6056659163343274E-01 a       940     1    19     2    20
 -1.6268085855446215E-01 a       941     1    20     2     1
  3.7991848377154291E-01 a       942     1    20     2     2
 -2.6806198127390291E-01 a       943     1    20     2     3
 -4.9449879769009823E-02 a       944     1    20     2     4
  5.6223595386975256E-01 a       945     1    20     2     5
  8.2991922183779210E-01 a       946     1    20     2     6
  2.1639951802892471E-01 a       947     1    20     2     7
  1.6125735315606482E-01 a       948     1    20     2     8
 -5.0899777907203514E-01 a       949     1    20     2     9
 -3.8820314887286184E-01 a       950     1    20     2    10
 -5.1115928332730243E-01 a       951     1    20     2    11
 -1.2870210309244851E-01 a       952     1    20     2    12
  1.5698776630922846E-02 a       953     1    20     2    13
 -9.2801594737477761E-02 a       954     1    20     2    14
 -4.1180030497674563E-01 a       955     1    20     2    15
 -3.8632283256035033E-01 a       956     1    20     2    16
  3.4802525653639627E-01 a       957     1    20     2    17
  5.6308787276525352E-01 a       958     1    20     2    18
 -2.6536984056464757E-01 a       959     1    20     2    19
  2.0033054600903077E-01 a       960     1    20     2    20
 -5.6861159508052883E-01 b       961     2     1
 -1.4694946971242200E+00 b       962     2     2
  2.9592275399428995E-02 b       963     2     3
 -7.3488495801922471E-01 b       964     2     4
  9.2542735348514837E-01 b       965     2     5
 -1.4291535623940141E+00 b       966     2     6
 -3.7457819407894104E-02 b       967     2     7
 -1.2344015118208229E+00 b       968     2     8
 -1.5048403563257562E+00 b       969     2     9
 -5.0885891885626777E-01 b       970     2    10
  7.5969740226815408E-01 b       971     2    11
  9.4255687935673726E-01 b       972     2    12
 -2.4007744473215778E-01 b       973     2    13
  2.1573541450799896E-01 b       974     2    14
 -7.5604213249796726E-01 b       975     2    15
 -9.7487610445333150E-01 b       976     2    16
 -1.9763543380791193E-01 b       977     2    17
 -1.1325145459457642E+00 b       978     2    18
  3.8199920963048634E-01 b       979     2    19
  6.2681693309977826E-01 b       980     2    20
 -5.2186217499498880E-02 a       981     2     1     3     1
 -2.5481184521918931E-01 a       982     2     2     3     1
 -1.2581496781129684E+00 a       983     2     3     3     1
 -2.3138003608770347E-01 a       984     2     4     3     1
 -8.6180182910626624E-01 a       985     2     5     3     1
 -3.5014200668584516E-01 a       986     2     6     3     1
 -5.3572443816940329E-01 a       987     2     7     3     1
  4.7867038860468564E-01 a       988     2     8     3     1
  1.1771775772064503E+00 a       989     2     9     3     1
 -5.5805174370754973E-01 a       990     2    10     3     1
  6.7561328381430086E-02 a       991     2    11     3     1
 -2.3143755987946460E-01 a       992     2    12     3     1
  1.3662921807616293E-01 a       993     2    13     3     1
  1.0533858229621860E+00 a       994     2    14     3     1
  4.3116563588921453E-01 a       995     2    15     3     1
  5.4275213822384878E-02 a       996     2    16     3     1
 -9.7539169162002104E-01 a       997     2    17     3     1
  5.7147433740605291E-01 a       998     2    18     3     1
  5.3650576102026515E-01 a       999     2    19     3     1
  7.4319858262763189E-02 a      1000     2    20     3     1
 -3.1094576597089602E-01 b      1001     3     1
